time X
0 0.145277
0.1 0.157458
0.2 0.168991
0.3 0.179607
0.4 0.189053
0.5 0.197104
0.6 0.203578
0.7 0.208344
0.8 0.211339
0.9 0.212568
1 0.212115
1.1 0.210141
1.2 0.206881
1.3 0.202645
1.4 0.197801
1.5 0.192769
1.6 0.188008
1.7 0.183992
1.8 0.181201
1.9 0.180099
2 0.181111
2.1 0.184612
2.2 0.190903
2.3 0.200197
2.4 0.212605
2.5 0.228126
2.6 0.246635
2.7 0.267887
2.8 0.291511
2.9 0.317021
3 0.343825
3.1 0.371244
3.2 0.398533
3.3 0.424909
3.4 0.449577
3.5 0.471764
3.6 0.49075
3.7 0.505899
3.8 0.516687
3.9 0.52272
4 0.523759
4.1 0.51972
4.2 0.510683
4.3 0.496884
4.4 0.478699
4.5 0.456626
4.6 0.431262
4.7 0.403272
4.8 0.373357
4.9 0.342229
5 0.310581
5.1 0.279058
5.2 0.248242
5.3 0.218633
5.4 0.190641
5.5 0.164579
5.6 0.140666
5.7 0.119032
5.8 0.0997233
5.9 0.0827154
6 0.0679255
6.1 0.0552252
6.2 0.0444527
6.3 0.0354256
6.4 0.0279507
6.5 0.0218336
6.6 0.0168855
6.7 0.0129289
6.8 0.0098009
6.9 0.00735575
7 0.00546569
7.1 0.00402087
7.2 0.00292855
7.3 0.00211175
7.4 0.00150761
7.5 0.00106559
7.6 0.00074568
7.7 0.000516618
7.8 0.00035436
7.9 0.000240645
8 0.000161795
8.1 0.000107699
8.2 7.09763e-05
8.3 4.63099e-05
8.4 2.99151e-05
8.5 1.91322e-05
8.6 1.21142e-05
8.7 7.59423e-06
8.8 4.71334e-06
8.9 2.89622e-06
9 1.76194e-06
9.1 1.06122e-06
9.2 6.3282e-07
9.3 3.73603e-07
9.4 2.18373e-07
9.5 1.2637e-07
9.6 7.24009e-08
9.7 4.10679e-08
9.8 2.30631e-08
9.9 1.2823e-08